10102001     101001       95
10102001     101002      98
10102001     101003       89
10102001     101004       99
10102001     101005       95
10102002     101001       96
10102002     101002       93
10102002      101003     94
10102002      101004     91
10102002      101005     89
10102003      101001     87
10102003      101002     95
10102003      101003     96
10102003      101004     95
10102003      101005     90
10102004       101001     82
10102004       101002     93
10102004       101003     87
10102004       101004     85
10102004       101005     97
10102005       101001     98
10102005       101002     86
10102005       101003     96
10102005       101004     98
10102005        101005     96